0	-5.785
80	-5.717
160	-5.670
240	-5.640
320	-5.617
400	-5.595
480	-5.576
560	-5.557
640	-5.538
720	-5.517
800	-5.497
880	-5.476
960	-5.457
1040	-5.437
1120	-5.418
1200	-5.399
1280	-5.380
1360	-5.361
1440	-5.343
1520	-5.323
1600	-5.305
1680	-5.286
1760	-5.267
1840	-5.248
1920	-5.229
2000	-5.211
2080	-5.194
2160	-5.176
2240	-5.158
2320	-5.140
2400	-5.123
2480	-5.105
2560	-5.087
2640	-5.070
2720	-5.053
2800	-5.036
2880	-5.019
2960	-5.002
3040	-4.986
3120	-4.969
3200	-4.951
3280	-4.935
3360	-4.917
3440	-4.901
3520	-4.884
3600	-4.868
3680	-4.851
3760	-4.835
3840	-4.818
3920	-4.801
4000	-4.785
4080	-4.768
4160	-4.751
4240	-4.735
4320	-4.718
4400	-4.703
4480	-4.685
4560	-4.669
4640	-4.653
4720	-4.636
4800	-4.620
4880	-4.604
4960	-4.588
5040	-4.571
5120	-4.555
5200	-4.539
5280	-4.523
5360	-4.506
5440	-4.490
5520	-4.474
5600	-4.458
5680	-4.441
5760	-4.424
5840	-4.408
5920	-4.392
6000	-4.375
6080	-4.357
6160	-4.340
6240	-4.323
6320	-4.306
6400	-4.289
6480	-4.272
6560	-4.255
6640	-4.238
6720	-4.221
6800	-4.206
6880	-4.190
6960	-4.175
7040	-4.159
7120	-4.142
7200	-4.125
7280	-4.107
7360	-4.090
7440	-4.071
7520	-4.051
7600	-4.032
7680	-4.012
7760	-3.993
7840	-3.974
7920	-3.956
8000	-3.939
8080	-3.923
8160	-3.905
8240	-3.889
8320	-3.870
8400	-3.853
8480	-3.836
8560	-3.821
8640	-3.805
8720	-3.789
8800	-3.774
8880	-3.758
8960	-3.743
9040	-3.728
9120	-3.714
9200	-3.701
9280	-3.689
9360	-3.675
9440	-3.661
9520	-3.646
9600	-3.630
9680	-3.617
9760	-3.604
9840	-3.591
9920	-3.579
10000	-3.566
10080	-3.553
10160	-3.538
10240	-3.523
10320	-3.508
10400	-3.492
10480	-3.477
10560	-3.463
10640	-3.448
10720	-3.433
10800	-3.418
10880	-3.404
10960	-3.389
11040	-3.375
11120	-3.361
11200	-3.347
11280	-3.332
11360	-3.318
11440	-3.305
11520	-3.291
11600	-3.278
11680	-3.265
11760	-3.251
11840	-3.238
11920	-3.224
12000	-3.209
12080	-3.194
12160	-3.179
12240	-3.166
12320	-3.152
12400	-3.139
12480	-3.126
12560	-3.113
12640	-3.099
12720	-3.086
12800	-3.073
12880	-3.059
12960	-3.045
13040	-3.032
13120	-3.018
13200	-3.004
13280	-2.991
13360	-2.977
13440	-2.964
13520	-2.950
13600	-2.938
13680	-2.927
13760	-2.916
13840	-2.906
13920	-2.895
14000	-2.884
14080	-2.871
14160	-2.858
14240	-2.844
14320	-2.829
14400	-2.813
14480	-2.799
14560	-2.785
14640	-2.770
14720	-2.756
14800	-2.742
14880	-2.729
14960	-2.715
15040	-2.701
15120	-2.687
15200	-2.674
15280	-2.660
15360	-2.648
15440	-2.635
15520	-2.622
15600	-2.611
15680	-2.599
15760	-2.589
15840	-2.578
15920	-2.566
16000	-2.553
16080	-2.540
16160	-2.527
16240	-2.514
16320	-2.501
16400	-2.488
16480	-2.474
16560	-2.462
16640	-2.449
16720	-2.437
16800	-2.425
16880	-2.414
16960	-2.404
17040	-2.393
17120	-2.383
17200	-2.372
17280	-2.361
17360	-2.349
17440	-2.338
17520	-2.326
17600	-2.314
17680	-2.302
17760	-2.291
17840	-2.280
17920	-2.269
18000	-2.259
18080	-2.250
18160	-2.239
18240	-2.230
18320	-2.220
18400	-2.210
18480	-2.200
18560	-2.190
18640	-2.180
18720	-2.170
18800	-2.160
18880	-2.149
18960	-2.138
19040	-2.128
19120	-2.118
19200	-2.108
19280	-2.097
19360	-2.086
19440	-2.076
19520	-2.066
19600	-2.056
19680	-2.045
19760	-2.034
19840	-2.024
19920	-2.014
20000	-2.003
20080	-1.993
20160	-1.983
20240	-1.972
20320	-1.962
20400	-1.952
20480	-1.942
20560	-1.932
20640	-1.922
20720	-1.912
20800	-1.901
20880	-1.891
20960	-1.881
21040	-1.871
21120	-1.861
21200	-1.850
21280	-1.840
21360	-1.830
21440	-1.820
21520	-1.809
21600	-1.799
21680	-1.789
21760	-1.780
21840	-1.769
21920	-1.760
22000	-1.750
22080	-1.741
22160	-1.731
22240	-1.721
22320	-1.711
22400	-1.702
22480	-1.692
22560	-1.683
22640	-1.672
22720	-1.663
22800	-1.653
22880	-1.644
22960	-1.635
23040	-1.625
23120	-1.616
23200	-1.606
23280	-1.597
23360	-1.587
23440	-1.578
23520	-1.568
23600	-1.560
23680	-1.550
23760	-1.541
23840	-1.532
23920	-1.523
24000	-1.514
24080	-1.505
24160	-1.495
24240	-1.485
24320	-1.478
24400	-1.469
24480	-1.460
24560	-1.450
24640	-1.441
24720	-1.433
24800	-1.424
24880	-1.414
24960	-1.406
25040	-1.397
25120	-1.388
25200	-1.380
25280	-1.371
25360	-1.362
25440	-1.354
25520	-1.345
25600	-1.337
25680	-1.329
25760	-1.319
25840	-1.311
25920	-1.302
26000	-1.294
26080	-1.285
26160	-1.277
26240	-1.268
26320	-1.261
26400	-1.252
26480	-1.244
26560	-1.236
26640	-1.228
26720	-1.219
26800	-1.211
26880	-1.203
26960	-1.195
27040	-1.186
27120	-1.178
27200	-1.171
27280	-1.163
27360	-1.155
27440	-1.147
27520	-1.139
27600	-1.131
27680	-1.123
27760	-1.115
27840	-1.108
27920	-1.101
28000	-1.093
28080	-1.085
28160	-1.077
28240	-1.070
28320	-1.061
28400	-1.054
28480	-1.046
28560	-1.039
28640	-1.032
28720	-1.024
28800	-1.016
28880	-1.009
28960	-1.001
29040	-0.994
29120	-0.987
29200	-0.980
29280	-0.973
29360	-0.965
29440	-0.958
29520	-0.951
29600	-0.944
29680	-0.937
29760	-0.929
29840	-0.922
29920	-0.915
30000	-0.908
30080	-0.900
30160	-0.894
30240	-0.887
30320	-0.880
30400	-0.873
30480	-0.866
30560	-0.859
30640	-0.852
30720	-0.845
30800	-0.838
30880	-0.831
30960	-0.824
31040	-0.818
31120	-0.810
31200	-0.804
31280	-0.798
31360	-0.790
31440	-0.785
31520	-0.778
31600	-0.771
31680	-0.765
31760	-0.759
31840	-0.752
31920	-0.745
32000	-0.739
32080	-0.732
32160	-0.726
32240	-0.720
32320	-0.713
32400	-0.706
32480	-0.701
32560	-0.694
32640	-0.688
32720	-0.682
32800	-0.675
32880	-0.668
32960	-0.662
33040	-0.656
33120	-0.649
33200	-0.643
33280	-0.637
33360	-0.632
33440	-0.626
33520	-0.620
33600	-0.614
33680	-0.608
33760	-0.601
33840	-0.596
33920	-0.590
34000	-0.584
34080	-0.578
34160	-0.572
34240	-0.566
34320	-0.561
34400	-0.554
34480	-0.549
34560	-0.543
34640	-0.537
34720	-0.531
34800	-0.525
34880	-0.520
34960	-0.514
35040	-0.509
35120	-0.504
35200	-0.498
35280	-0.492
35360	-0.486
35440	-0.481
35520	-0.475
35600	-0.470
35680	-0.464
35760	-0.459
35840	-0.454
35920	-0.448
36000	-0.443
36080	-0.438
36160	-0.433
36240	-0.427
36320	-0.421
36400	-0.416
36480	-0.411
36560	-0.406
36640	-0.401
36720	-0.395
36800	-0.390
36880	-0.385
36960	-0.380
37040	-0.374
37120	-0.370
37200	-0.365
37280	-0.359
37360	-0.355
37440	-0.349
37520	-0.345
37600	-0.340
37680	-0.334
37760	-0.330
37840	-0.325
37920	-0.320
38000	-0.314
38080	-0.310
38160	-0.304
38240	-0.300
38320	-0.295
38400	-0.290
38480	-0.286
38560	-0.280
38640	-0.276
38720	-0.271
38800	-0.266
38880	-0.262
38960	-0.257
39040	-0.252
39120	-0.248
39200	-0.243
39280	-0.238
39360	-0.234
39440	-0.229
39520	-0.224
39600	-0.220
39680	-0.215
39760	-0.211
39840	-0.205
39920	-0.202
40000	-0.197
40080	-0.193
40160	-0.189
40240	-0.184
40320	-0.180
40400	-0.175
40480	-0.171
40560	-0.167
40640	-0.163
40720	-0.158
40800	-0.153
40880	-0.150
40960	-0.145
41040	-0.142
41120	-0.137
41200	-0.133
41280	-0.129
41360	-0.125
41440	-0.121
41520	-0.117
41600	-0.113
41680	-0.109
41760	-0.105
41840	-0.101
41920	-0.097
42000	-0.094
42080	-0.090
42160	-0.086
42240	-0.082
42320	-0.078
42400	-0.074
42480	-0.070
42560	-0.066
42640	-0.062
42720	-0.059
42800	-0.055
42880	-0.051
42960	-0.047
43040	-0.045
43120	-0.040
43200	-0.037
43280	-0.032
43360	-0.029
43440	-0.025
43520	-0.021
43600	-0.018
43680	-0.014
43760	-0.010
43840	-0.007
43920	-0.002
44000	0.000
44080	0.004
44160	0.007
44240	0.011
44320	0.015
44400	0.018
44480	0.022
44560	0.024
44640	0.028
44720	0.032
44800	0.036
44880	0.038
44960	0.042
45040	0.046
45120	0.049
45200	0.053
45280	0.056
45360	0.060
45440	0.063
45520	0.066
45600	0.069
45680	0.073
45760	0.076
45840	0.080
45920	0.082
46000	0.086
46080	0.089
46160	0.092
46240	0.096
46320	0.100
46400	0.103
46480	0.106
46560	0.108
46640	0.112
46720	0.115
46800	0.118
46880	0.121
46960	0.124
47040	0.127
47120	0.130
47200	0.133
47280	0.136
47360	0.139
47440	0.142
47520	0.145
47600	0.148
47680	0.151
47760	0.155
47840	0.158
47920	0.160
48000	0.163
48080	0.167
48160	0.169
48240	0.172
48320	0.176
48400	0.178
48480	0.180
48560	0.183
48640	0.187
48720	0.190
48800	0.192
48880	0.195
48960	0.197
49040	0.200
49120	0.204
49200	0.206
49280	0.210
49360	0.212
49440	0.215
49520	0.218
49600	0.220
49680	0.224
49760	0.227
49840	0.230
49920	0.232
50000	0.235
50080	0.238
50160	0.240
50240	0.243
50320	0.246
50400	0.249
50480	0.252
50560	0.254
50640	0.257
50720	0.260
50800	0.263
50880	0.266
50960	0.269
51040	0.272
51120	0.276
51200	0.278
51280	0.280
51360	0.283
51440	0.285
51520	0.287
51600	0.289
51680	0.292
51760	0.293
51840	0.297
51920	0.299
52000	0.302
52080	0.304
52160	0.307
52240	0.309
52320	0.312
52400	0.314
52480	0.317
52560	0.319
52640	0.321
52720	0.324
52800	0.326
52880	0.329
52960	0.331
53040	0.333
53120	0.335
53200	0.337
53280	0.339
53360	0.341
53440	0.344
53520	0.346
53600	0.348
53680	0.350
53760	0.352
53840	0.354
53920	0.357
54000	0.359
54080	0.362
54160	0.363
54240	0.365
54320	0.368
54400	0.369
54480	0.372
54560	0.373
54640	0.376
54720	0.378
54800	0.380
54880	0.381
54960	0.384
55040	0.385
55120	0.387
55200	0.390
55280	0.392
55360	0.394
55440	0.396
55520	0.398
55600	0.400
55680	0.401
55760	0.404
55840	0.405
55920	0.407
56000	0.409
56080	0.410
56160	0.412
56240	0.413
56320	0.416
56400	0.418
56480	0.419
56560	0.421
56640	0.423
56720	0.425
56800	0.427
56880	0.429
56960	0.431
57040	0.433
57120	0.435
57200	0.437
57280	0.438
57360	0.440
57440	0.442
57520	0.443
57600	0.445
57680	0.448
57760	0.448
57840	0.450
57920	0.452
58000	0.454
58080	0.456
58160	0.457
58240	0.459
58320	0.460
58400	0.462
58480	0.464
58560	0.465
58640	0.466
58720	0.468
58800	0.470
58880	0.472
58960	0.473
59040	0.475
59120	0.477
59200	0.479
59280	0.480
59360	0.482
59440	0.483
59520	0.484
59600	0.486
59680	0.487
59760	0.489
59840	0.491
59920	0.492
60000	0.494
60080	0.495
60160	0.497
60240	0.498
60320	0.499
60400	0.502
60480	0.503
60560	0.504
60640	0.505
60720	0.506
60800	0.508
60880	0.510
60960	0.512
61040	0.513
61120	0.515
61200	0.516
61280	0.517
61360	0.519
61440	0.520
61520	0.522
61600	0.523
61680	0.525
61760	0.526
61840	0.528
61920	0.529
62000	0.530
62080	0.531
62160	0.532
62240	0.534
62320	0.536
62400	0.536
62480	0.538
62560	0.539
62640	0.541
62720	0.542
62800	0.543
62880	0.545
62960	0.546
63040	0.548
63120	0.549
63200	0.550
63280	0.551
63360	0.553
63440	0.555
63520	0.556
63600	0.557
63680	0.558
63760	0.559
63840	0.560
63920	0.562
64000	0.563
64080	0.564
64160	0.566
64240	0.567
64320	0.569
64400	0.569
64480	0.570
64560	0.572
64640	0.572
64720	0.574
64800	0.575
64880	0.576
64960	0.577
65040	0.578
65120	0.579
65200	0.581
65280	0.582
65360	0.583
65440	0.584
65520	0.586
65600	0.587
65680	0.588
65760	0.589
65840	0.590
65920	0.591
66000	0.593
66080	0.594
66160	0.596
66240	0.597
66320	0.598
66400	0.599
66480	0.600
66560	0.601
66640	0.603
66720	0.604
66800	0.605
66880	0.607
66960	0.607
67040	0.609
67120	0.610
67200	0.611
67280	0.611
67360	0.613
67440	0.613
67520	0.615
67600	0.615
67680	0.617
67760	0.618
67840	0.618
67920	0.620
68000	0.621
68080	0.622
68160	0.624
68240	0.625
68320	0.626
68400	0.627
68480	0.627
68560	0.629
68640	0.629
68720	0.630
68800	0.631
68880	0.633
68960	0.634
69040	0.634
69120	0.635
69200	0.637
69280	0.638
69360	0.638
69440	0.640
69520	0.641
69600	0.642
69680	0.643
69760	0.643
69840	0.645
69920	0.645
70000	0.646
70080	0.647
70160	0.649
70240	0.649
70320	0.650
70400	0.651
70480	0.652
70560	0.653
70640	0.653
70720	0.654
70800	0.655
70880	0.656
70960	0.657
71040	0.657
71120	0.658
71200	0.659
71280	0.660
71360	0.661
71440	0.662
71520	0.662
71600	0.663
71680	0.664
71760	0.665
71840	0.666
71920	0.667
72000	0.667
72080	0.669
72160	0.669
72240	0.670
72320	0.671
72400	0.672
72480	0.672
72560	0.672
72640	0.673
72720	0.674
72800	0.675
72880	0.676
72960	0.676
73040	0.677
73120	0.678
73200	0.678
73280	0.679
73360	0.680
73440	0.681
73520	0.682
73600	0.683
73680	0.684
73760	0.685
73840	0.686
73920	0.686
74000	0.687
74080	0.688
74160	0.689
74240	0.689
74320	0.690
74400	0.692
74480	0.692
74560	0.693
74640	0.693
74720	0.694
74800	0.695
74880	0.696
74960	0.696
75040	0.698
75120	0.699
75200	0.699
75280	0.700
75360	0.700
75440	0.702
75520	0.702
75600	0.704
75680	0.704
75760	0.704
75840	0.705
75920	0.707
76000	0.707
76080	0.708
76160	0.709
76240	0.709
76320	0.710
76400	0.711
76480	0.711
76560	0.712
76640	0.713
76720	0.714
76800	0.713
76880	0.715
76960	0.716
77040	0.716
77120	0.717
77200	0.718
77280	0.719
77360	0.720
77440	0.720
77520	0.721
77600	0.722
77680	0.722
77760	0.724
77840	0.724
77920	0.724
78000	0.725
78080	0.726
78160	0.727
78240	0.727
78320	0.729
78400	0.728
78480	0.729
78560	0.729
78640	0.731
78720	0.731
78800	0.732
78880	0.732
78960	0.733
79040	0.734
79120	0.735
79200	0.736
79280	0.736
79360	0.737
79440	0.738
79520	0.739
79600	0.740
79680	0.741
79760	0.741
79840	0.742
79920	0.743
80000	0.743
80080	0.743
80160	0.744
80240	0.745
80320	0.746
80400	0.746
80480	0.748
80560	0.748
80640	0.749
80720	0.750
80800	0.751
80880	0.752
80960	0.752
81040	0.753
81120	0.753
81200	0.754
81280	0.755
81360	0.756
81440	0.757
81520	0.757
81600	0.757
81680	0.758
81760	0.759
81840	0.760
81920	0.760
82000	0.761
82080	0.761
82160	0.762
82240	0.762
82320	0.764
82400	0.765
82480	0.765
82560	0.766
82640	0.767
82720	0.768
82800	0.769
82880	0.770
82960	0.771
83040	0.772
83120	0.773
83200	0.774
83280	0.775
83360	0.777
83440	0.778
83520	0.779
83600	0.780
83680	0.781
83760	0.782
83840	0.782
83920	0.784
84000	0.785
84080	0.786
84160	0.786
84240	0.788
84320	0.789
84400	0.789
84480	0.790
84560	0.791
84640	0.792
84720	0.793
84800	0.794
84880	0.795
84960	0.796
85040	0.796
85120	0.798
85200	0.799
85280	0.800
85360	0.801
85440	0.802
85520	0.803
85600	0.803
85680	0.805
85760	0.805
85840	0.806
85920	0.807
86000	0.809
86080	0.810
86160	0.810
86240	0.811
86320	0.812
86400	0.813
